l2/l1
0.9835355111730301
lambdas
0.99452 0.97815 0.95106 0.91355 0.86603 0.80902 0.74314 0.66913 0.58779 0.50000 0.40674 0.30902 0.20791 0.10453 0.00000 0.00000 0.00000 0.00000 0.00000 0.00000 -0.00000 -0.00000 -0.00000 -0.00000 -0.00000 -0.00000 -0.10453 -0.20791 -0.30902 -0.40674 -0.50000 -0.58779 -0.66913 -0.74314 -0.80902 -0.86603 -0.91355 -0.95106 -0.97815 -0.99452 
      1       1       1       1       1       1       1       1       1       1       1       1       1       1       2       1       1       2       1     182       2       2       1       1       1       1       1       1       1       1       1       1       1       1       1       1       1       1       1       1 
max left eigenvector for positive lambda
0.005478104631726359	0.005448095001370237	0.0	0.0	0.0	0.0	0.0	0.0	0.0	0.0	0.0	0.0	0.0	0.0	0.0	0.00544809500137023	0.016194894435910188	0.010658082108320277	0.0	0.0	0.0	0.0	0.0	0.0	0.0	0.0	0.0	0.0	0.0	0.0	0.0	0.010658082108320267	0.026203889641519283	0.015402259883984555	0.0	0.0	0.0	0.0	0.0	0.0	0.0	0.0	0.0	0.0	0.0	0.0	0.0	0.015402259883984545	0.03506764912958082	0.019473284994475846	0.0	0.0	0.0	0.0	0.0	0.0	0.0	0.0	0.0	0.0	0.0	0.0	0.0	0.01947328499447586	0.04239878407742974	0.022693234107519843	0.0	0.0	0.0	0.0	0.0	0.0	0.0	0.0	0.0	0.0	0.0	0.0	0.0	0.022693234107519843	0.04787688870915658	0.024921379995846454	0.0	0.0	0.0	0.0	0.0	0.0	0.0	0.0	0.0	0.0	0.0	0.0	0.0	0.02492137999584646	0.05126254356549235	0.026060341992305655	0.0	0.0	0.0	0.0	0.0	0.0	0.0	0.0	0.0	0.0	0.0	0.0	0.0	0.02606034199230564	0.052407779283040794	0.02606034199230622	0.0	0.0	0.0	0.0	0.0	0.0	0.0	0.0	0.0	0.0	0.0	0.0	0.0	0.02606034199230622	0.05126254356549421	0.02492137999584776	0.0	0.0	0.0	0.0	0.0	0.0	0.0	0.0	0.0	0.0	0.0	0.0	0.0	0.024921379995847783	0.04787688870915956	0.022693234107521533	0.0	0.0	0.0	0.0	0.0	0.0	0.0	0.0	0.0	0.0	0.0	0.0	0.0	0.022693234107521536	0.042398784077433284	0.01947328499447761	0.0	0.0	0.0	0.0	0.0	0.0	0.0	0.0	0.0	0.0	0.0	0.0	0.0	0.01947328499447762	0.03506764912958453	0.015402259883986273	0.0	0.0	0.0	0.0	0.0	0.0	0.0	0.0	0.0	0.0	0.0	0.0	0.0	0.01540225988398628	0.026203889641522506	0.010658082108321695	0.0	0.0	0.0	0.0	0.0	0.0	0.0	0.0	0.0	0.0	0.0	0.0	0.0	0.010658082108321696	0.016194894435912467	0.0054480950013710535	0.0	0.0	0.0	0.0	0.0	0.0	0.0	0.0	0.0	0.0	0.0	0.0	0.0	0.0054480950013710665	0.005478104631727246
max right eigenvector for positive lambda
0.0009901323320629894	0.0019694165670973898	0.0	0.0	0.0	0.0	0.0	0.0	0.0	0.0	0.0	0.0	0.0	0.0	0.0	0.001969416567097389	0.0029271234620957534	0.0038527601799034387	0.0	0.0	0.0	0.0	0.0	0.0	0.0	0.0	0.0	0.0	0.0	0.0	0.002927123462095755	0.003852760179903432	0.004736185250938198	0.005567719685253199	0.0	0.0	0.0	0.0	0.0	0.0	0.0	0.0	0.0	0.0	0.0	0.003852760179903439	0.0047361852509381994	0.0055677196852532	0.006338253017576317	0.007039343123474186	0.0	0.0	0.0	0.0	0.0	0.0	0.0	0.0	0.0	0.0	0.0047361852509382055	0.00556771968525321	0.006338253017576334	0.007039343123474183	0.007663308713033996	0.008203313488683391	0.0	0.0	0.0	0.0	0.0	0.0	0.0	0.0	0.0	0.005567719685253217	0.0063382530175763434	0.007039343123474193	0.007663308713034015	0.008203313488683396	0.00865344104509706	0.00900875969057168	0.0	0.0	0.0	0.0	0.0	0.0	0.0	0.0	0.006338253017576353	0.007039343123474203	0.007663308713034026	0.00820331348868341	0.008653441045097075	0.009008759690571681	0.009265376479672276	0.00942047986515688	0.0	0.0	0.0	0.0	0.0	0.0	0.0	0.007039343123474213	0.007663308713034036	0.008203313488683419	0.008653441045097082	0.009008759690571713	0.009265376479672276	0.009420479865156877	0.009472370501876748	0.009420479865157072	0.0	0.0	0.0	0.0	0.0	0.0	0.007663308713034047	0.00820331348868343	0.008653441045097096	0.009008759690571725	0.009265376479672295	0.009420479865156909	0.009472370501876727	0.009420479865157072	0.009265376479672576	0.0090087596905721	0.0	0.0	0.0	0.0	0.0	0.008203313488683441	0.008653441045097106	0.00900875969057174	0.009265376479672313	0.009420479865156928	0.009472370501876748	0.009420479865157054	0.009265376479672566	0.0090087596905721	0.008653441045097533	0.00820331348868393	0.0	0.0	0.0	0.0	0.008653441045097118	0.009008759690571754	0.00926537647967233	0.009420479865156942	0.00947237050187676	0.009420479865157061	0.009265376479672559	0.009008759690572089	0.008653441045097535	0.008203313488683934	0.007663308713034571	0.007039343123474764	0.0	0.0	0.0	0.009008759690571766	0.009265376479672342	0.009420479865156955	0.009472370501876768	0.009420479865157068	0.009265376479672559	0.009008759690572082	0.008653441045097531	0.008203313488683923	0.00766330871303458	0.00703934312347477	0.00633825301757693	0.005567719685253769	0.0	0.0	0.009265376479672354	0.009420479865156968	0.009472370501876779	0.009420479865157072	0.009265376479672563	0.009008759690572082	0.008653441045097528	0.008203313488683922	0.007663308713034577	0.007039343123474773	0.006338253017576923	0.005567719685253769	0.004736185250938718	0.0038527601799038897	0.0	0.009420479865156976	0.009472370501876787	0.00942047986515708	0.009265376479672564	0.009008759690572082	0.008653441045097523	0.008203313488683915	0.007663308713034571	0.007039343123474767	0.00633825301757691	0.005567719685253758	0.004736185250938704	0.0038527601799038897	0.002927123462096115	0.0019694165670976474	0.009472370501876796	0.009420479865157087	0.00926537647967257	0.009008759690572082	0.00865344104509752	0.008203313488683913	0.007663308713034566	0.00703934312347476	0.006338253017576904	0.005567719685253752	0.004736185250938702	0.0038527601799038767	0.0029271234620961207	0.0019694165670976482	0.0009901323320631286
max left eigenvector for negative lambda
0.0054781046317263875	-0.005448095001370255	-0.0	-0.0	-0.0	-0.0	-0.0	-0.0	-0.0	-0.0	-0.0	-0.0	-0.0	-0.0	-0.0	-0.005448095001370266	0.01619489443591027	-0.010658082108320354	-0.0	-0.0	-0.0	-0.0	-0.0	-0.0	-0.0	-0.0	-0.0	-0.0	-0.0	-0.0	-0.0	-0.010658082108320322	0.02620388964151941	-0.01540225988398462	-0.0	-0.0	-0.0	-0.0	-0.0	-0.0	-0.0	-0.0	-0.0	-0.0	-0.0	-0.0	-0.0	-0.01540225988398463	0.035067649129580984	-0.019473284994475953	-0.0	-0.0	-0.0	-0.0	-0.0	-0.0	-0.0	-0.0	-0.0	-0.0	-0.0	-0.0	-0.0	-0.01947328499447593	0.042398784077429946	-0.022693234107519975	-0.0	-0.0	-0.0	-0.0	-0.0	-0.0	-0.0	-0.0	-0.0	-0.0	-0.0	-0.0	-0.0	-0.022693234107519968	0.047876888709156754	-0.024921379995846527	-0.0	-0.0	-0.0	-0.0	-0.0	-0.0	-0.0	-0.0	-0.0	-0.0	-0.0	-0.0	-0.0	-0.02492137999584652	0.05126254356549239	-0.02606034199230566	-0.0	-0.0	-0.0	-0.0	-0.0	-0.0	-0.0	-0.0	-0.0	-0.0	-0.0	-0.0	-0.0	-0.02606034199230566	0.052407779283040766	-0.02606034199230623	-0.0	-0.0	-0.0	-0.0	-0.0	-0.0	-0.0	-0.0	-0.0	-0.0	-0.0	-0.0	-0.0	-0.02606034199230623	0.05126254356549413	-0.024921379995847745	-0.0	-0.0	-0.0	-0.0	-0.0	-0.0	-0.0	-0.0	-0.0	-0.0	-0.0	-0.0	-0.0	-0.024921379995847735	0.04787688870915945	-0.022693234107521488	-0.0	-0.0	-0.0	-0.0	-0.0	-0.0	-0.0	-0.0	-0.0	-0.0	-0.0	-0.0	-0.0	-0.022693234107521502	0.04239878407743313	-0.01947328499447755	-0.0	-0.0	-0.0	-0.0	-0.0	-0.0	-0.0	-0.0	-0.0	-0.0	-0.0	-0.0	-0.0	-0.019473284994477546	0.03506764912958431	-0.015402259883986186	-0.0	-0.0	-0.0	-0.0	-0.0	-0.0	-0.0	-0.0	-0.0	-0.0	-0.0	-0.0	-0.0	-0.01540225988398619	0.026203889641522315	-0.010658082108321622	-0.0	-0.0	-0.0	-0.0	-0.0	-0.0	-0.0	-0.0	-0.0	-0.0	-0.0	-0.0	-0.0	-0.010658082108321611	0.01619489443591235	-0.0054480950013710274	-0.0	-0.0	-0.0	-0.0	-0.0	-0.0	-0.0	-0.0	-0.0	-0.0	-0.0	-0.0	-0.0	-0.005448095001371	0.005478104631727185
max right eigenvector for negative lambda
0.000990132332062986	-0.001969416567097384	-0.0	-0.0	-0.0	-0.0	-0.0	-0.0	-0.0	-0.0	-0.0	-0.0	-0.0	-0.0	-0.0	-0.001969416567097382	0.002927123462095745	-0.0038527601799034344	-0.0	-0.0	-0.0	-0.0	-0.0	-0.0	-0.0	-0.0	-0.0	-0.0	-0.0	-0.0	0.002927123462095751	-0.0038527601799034266	0.004736185250938195	-0.005567719685253205	-0.0	-0.0	-0.0	-0.0	-0.0	-0.0	-0.0	-0.0	-0.0	-0.0	-0.0	-0.003852760179903439	0.004736185250938201	-0.005567719685253205	0.00633825301757633	-0.007039343123474204	-0.0	-0.0	-0.0	-0.0	-0.0	-0.0	-0.0	-0.0	-0.0	-0.0	0.004736185250938214	-0.005567719685253221	0.006338253017576351	-0.007039343123474202	0.00766330871303402	-0.00820331348868342	-0.0	-0.0	-0.0	-0.0	-0.0	-0.0	-0.0	-0.0	-0.0	-0.005567719685253234	0.006338253017576365	-0.007039343123474219	0.007663308713034041	-0.008203313488683424	0.008653441045097082	-0.009008759690571709	-0.0	-0.0	-0.0	-0.0	-0.0	-0.0	-0.0	-0.0	0.006338253017576381	-0.007039343123474235	0.007663308713034059	-0.008203313488683443	0.00865344104509711	-0.009008759690571707	0.009265376479672294	-0.0094204798651569	-0.0	-0.0	-0.0	-0.0	-0.0	-0.0	-0.0	-0.007039343123474252	0.007663308713034076	-0.00820331348868346	0.008653441045097124	-0.009008759690571749	0.009265376479672308	-0.009420479865156898	0.009472370501876748	-0.009420479865157073	-0.0	-0.0	-0.0	-0.0	-0.0	-0.0	0.007663308713034093	-0.008203313488683476	0.00865344104509714	-0.009008759690571768	0.009265376479672334	-0.009420479865156935	0.009472370501876742	-0.009420479865157073	0.009265376479672552	-0.009008759690572075	-0.0	-0.0	-0.0	-0.0	-0.0	-0.008203313488683495	0.00865344104509716	-0.009008759690571789	0.009265376479672354	-0.009420479865156962	0.009472370501876768	-0.009420479865157061	0.009265376479672557	-0.009008759690572075	0.008653441045097486	-0.008203313488683877	-0.0	-0.0	-0.0	-0.0	0.008653441045097179	-0.009008759690571808	0.009265376479672377	-0.009420479865156981	0.009472370501876787	-0.009420479865157073	0.009265376479672557	-0.00900875969057207	0.008653441045097496	-0.00820331348868388	0.0076633087130344975	-0.007039343123474691	-0.0	-0.0	-0.0	-0.009008759690571827	0.009265376479672394	-0.009420479865157002	0.009472370501876803	-0.009420479865157087	0.009265376479672566	-0.009008759690572072	0.008653441045097502	-0.00820331348868388	0.007663308713034518	-0.007039343123474695	0.006338253017576843	-0.0055677196852536946	-0.0	-0.0	0.009265376479672413	-0.009420479865157018	0.009472370501876819	-0.009420479865157101	0.009265376479672575	-0.009008759690572077	0.008653441045097507	-0.008203313488683885	0.007663308713034524	-0.007039343123474709	0.006338253017576847	-0.0055677196852536946	0.004736185250938646	-0.00385276017990383	-0.0	-0.009420479865157034	0.009472370501876834	-0.009420479865157113	0.009265376479672583	-0.009008759690572085	0.008653441045097512	-0.008203313488683889	0.00766330871303453	-0.007039343123474712	0.006338253017576847	-0.005567719685253691	0.004736185250938639	-0.0038527601799038334	0.002927123462096063	-0.001969416567097616	0.00947237050187685	-0.009420479865157125	0.009265376479672596	-0.009008759690572092	0.008653441045097517	-0.008203313488683894	0.007663308713034535	-0.007039343123474715	0.006338253017576852	-0.005567719685253693	0.0047361852509386435	-0.0038527601799038256	0.002927123462096081	-0.0019694165670976157	0.000990132332063112
max left * right eigenvector for positive lambda
0.0007284133088730745	0.0014409090392898537	0.0	0.0	0.0	0.0	0.0	0.0	0.0	0.0	0.0	0.0	0.0	0.0	0.0	0.001440909039289851	0.006366100187501161	0.005514489894018527	0.0	0.0	0.0	0.0	0.0	0.0	0.0	0.0	0.0	0.0	0.0	0.0	0.0	0.005514489894018513	0.016666666666665157	0.011516383427083188	0.0	0.0	0.0	0.0	0.0	0.0	0.0	0.0	0.0	0.0	0.0	0.0	0.0	0.011516383427083181	0.029849051224408875	0.018408807721126078	0.0	0.0	0.0	0.0	0.0	0.0	0.0	0.0	0.0	0.0	0.0	0.0	0.0	0.018408807721126085	0.04363389981249479	0.024999999999998242	0.0	0.0	0.0	0.0	0.0	0.0	0.0	0.0	0.0	0.0	0.0	0.0	0.0	0.02499999999999826	0.055637686878625116	0.030150283239580758	0.0	0.0	0.0	0.0	0.0	0.0	0.0	0.0	0.0	0.0	0.0	0.0	0.0	0.030150283239580772	0.063784848588084	0.03296912667889569	0.0	0.0	0.0	0.0	0.0	0.0	0.0	0.0	0.0	0.0	0.0	0.0	0.0	0.03296912667889566	0.06666666666666594	0.03296912667889708	0.0	0.0	0.0	0.0	0.0	0.0	0.0	0.0	0.0	0.0	0.0	0.0	0.0	0.03296912667889708	0.06378484858808837	0.03015028323958374	0.0	0.0	0.0	0.0	0.0	0.0	0.0	0.0	0.0	0.0	0.0	0.0	0.0	0.030150283239583773	0.05563768687863162	0.02500000000000175	0.0	0.0	0.0	0.0	0.0	0.0	0.0	0.0	0.0	0.0	0.0	0.0	0.0	0.025000000000001764	0.043633899812501716	0.018408807721129256	0.0	0.0	0.0	0.0	0.0	0.0	0.0	0.0	0.0	0.0	0.0	0.0	0.0	0.01840880772112928	0.029849051224414922	0.01151638342708565	0.0	0.0	0.0	0.0	0.0	0.0	0.0	0.0	0.0	0.0	0.0	0.0	0.0	0.011516383427085655	0.016666666666669043	0.005514489894019906	0.0	0.0	0.0	0.0	0.0	0.0	0.0	0.0	0.0	0.0	0.0	0.0	0.0	0.005514489894019907	0.0063661001875028435	0.0014409090392902579	0.0	0.0	0.0	0.0	0.0	0.0	0.0	0.0	0.0	0.0	0.0	0.0	0.0	0.001440909039290262	0.0007284133088732949
max left * right eigenvector for negative lambda
0.000728413308873077	0.0014409090392898567	0.0	0.0	0.0	0.0	0.0	0.0	0.0	0.0	0.0	0.0	0.0	0.0	0.0	0.001440909039289858	0.006366100187501187	0.00551448989401857	0.0	0.0	0.0	0.0	0.0	0.0	0.0	0.0	0.0	0.0	0.0	0.0	-0.0	0.005514489894018543	0.016666666666665258	0.011516383427083268	0.0	0.0	0.0	0.0	0.0	0.0	0.0	0.0	0.0	0.0	0.0	0.0	-0.0	0.011516383427083275	0.029849051224409128	0.01840880772112626	0.0	0.0	0.0	0.0	0.0	0.0	0.0	0.0	0.0	0.0	-0.0	0.0	-0.0	0.01840880772112623	0.043633899812495214	0.02499999999999852	0.0	0.0	0.0	0.0	0.0	0.0	0.0	0.0	0.0	0.0	-0.0	0.0	-0.0	0.024999999999998523	0.05563768687862557	0.030150283239580997	0.0	0.0	0.0	0.0	0.0	0.0	0.0	0.0	-0.0	0.0	-0.0	0.0	-0.0	0.030150283239580983	0.06378484858808428	0.03296912667889582	0.0	0.0	0.0	0.0	0.0	0.0	0.0	0.0	-0.0	0.0	-0.0	0.0	-0.0	0.032969126678895816	0.06666666666666603	0.032969126678897155	0.0	0.0	0.0	0.0	0.0	0.0	-0.0	0.0	-0.0	0.0	-0.0	0.0	-0.0	0.032969126678897155	0.06378484858808824	0.030150283239583697	0.0	0.0	0.0	0.0	0.0	0.0	-0.0	0.0	-0.0	0.0	-0.0	0.0	-0.0	0.030150283239583683	0.0556376868786313	0.02500000000000158	0.0	0.0	0.0	0.0	-0.0	0.0	-0.0	0.0	-0.0	0.0	-0.0	0.0	-0.0	0.025000000000001604	0.043633899812501216	0.018408807721129045	0.0	0.0	0.0	0.0	-0.0	0.0	-0.0	0.0	-0.0	0.0	-0.0	0.0	-0.0	0.018408807721129048	0.029849051224414374	0.011516383427085452	0.0	0.0	-0.0	0.0	-0.0	0.0	-0.0	0.0	-0.0	0.0	-0.0	0.0	-0.0	0.011516383427085454	0.016666666666668696	0.005514489894019792	0.0	0.0	-0.0	0.0	-0.0	0.0	-0.0	0.0	-0.0	0.0	-0.0	0.0	-0.0	0.005514489894019791	0.006366100187502694	0.0014409090392902308	-0.0	0.0	-0.0	0.0	-0.0	0.0	-0.0	0.0	-0.0	0.0	-0.0	0.0	-0.0	0.0014409090392902232	0.0007284133088732757
